        1.00        0.00        0.00        0.00      113.92      135.08
        1.00        0.00        0.00        0.00       90.72      108.28
        2.00        0.00        0.00        0.00      150.00      148.00
        2.00        0.00        0.00        0.00      120.10      150.00
        2.00        0.00        0.00        0.00      114.64      150.00
      100.00      100.00       40.00        0.00
       80.00       80.00       32.00        0.00
      170.00      170.00        8.65        0.00
      130.00      130.00       52.00        0.00
      140.00      140.00       56.00        0.00
       80.00       50.00       24.00        0.00       15.06
       64.00       40.00        8.00        0.00       11.63
      136.00        3.35        0.00        0.00       34.75
      104.00       65.00        4.10        0.00       12.07
      112.00       66.64        0.00        0.00        8.11
       66.02       33.98
       34.65       15.35
       73.90       26.10
       64.83       35.17
       63.25       36.75
