        1.00        0.00        0.00        0.00      150.00      150.00
        1.00        0.00        0.00        0.00      150.00      150.00
        2.00        0.00        0.00        0.00      150.00      150.00
        2.00        0.00        0.00        0.00      150.00      150.00
        2.00        0.00        0.00        0.00      150.00      150.00
      100.00      100.00       40.00        0.00
       80.00       80.00       32.00        0.00
      170.00      170.00       68.00        0.00
      130.00      130.00       52.00        0.00
      140.00      140.00       56.00        0.00
       80.00       50.00       30.00        0.00      150.00
       64.00       40.00       24.00        0.00      150.00
      136.00       85.00       51.00        0.00      150.00
      104.00       65.00       39.00        0.00      150.00
      112.00       70.00       42.00        0.00      150.00
      150.00      150.00
      150.00      150.00
      150.00      150.00
      150.00      150.00
      150.00      150.00
